NO_OF_FRAMES	3000
NO_OF_CAMERAS	8
NO_OF_BODIES	1
FREQUENCY	100
NO_OF_ANALOG	0
ANALOG_FREQUENCY	0
DESCRIPTION	--
TIME_STAMP	2022-06-28, 17:16:30.991	1829317.80032220
DATA_INCLUDED	6D
BODY_NAMES	Drone
BODY_FILTERS	No filter
TRANSLATION_ORIGIN	Global	
ROTATION_ORIGIN	Global	
Frame	Time	Drone X	Y	Z	Roll	Pitch	Yaw	Residual	Rot[0]	Rot[1]	Rot[2]	Rot[3]	Rot[4]	Rot[5]	Rot[6]	Rot[7]	Rot[8]	
1	0.00000	-2.77984	-2.81946	13.53317	-178.94345	1.17975	-86.34949	0.20926	0.06366	0.99778	0.01971	0.99776	-0.06404	0.01937	0.02059	0.01844	-0.99962	
2	0.01000	-2.79511	-2.87560	13.59679	-178.92328	1.32090	-86.31927	0.21218	0.06418	0.99773	0.02023	0.99767	-0.06462	0.02179	0.02305	0.01879	-0.99956	
3	0.02000	-2.84567	-2.83313	13.63266	-178.89360	1.34034	-86.38550	0.29986	0.06303	0.99780	0.02075	0.99774	-0.06348	0.02212	0.02339	0.01930	-0.99954	
4	0.03000	-2.84712	-2.82909	13.65574	-178.76189	1.20864	-86.46516	0.28448	0.06164	0.99784	0.02287	0.99788	-0.06210	0.01972	0.02109	0.02160	-0.99954	
5	0.04000	-2.75852	-2.83050	13.54985	-178.94708	1.16855	-86.34528	0.21543	0.06373	0.99777	0.01964	0.99776	-0.06411	0.01918	0.02039	0.01837	-0.99962	
6	0.05000	-2.77810	-2.84322	13.57576	-178.96416	1.30404	-86.30350	0.21419	0.06445	0.99773	0.01951	0.99766	-0.06487	0.02154	0.02276	0.01807	-0.99958	
7	0.06000	-2.85901	-2.83991	13.63091	-178.92436	1.35455	-86.37558	0.30884	0.06320	0.99780	0.02023	0.99772	-0.06365	0.02240	0.02364	0.01877	-0.99954	
8	0.07000	-2.86796	-2.76147	13.69230	-178.71291	1.27097	-86.42917	0.36946	0.06227	0.99778	0.02380	0.99781	-0.06276	0.02073	0.02218	0.02246	-0.99950	
9	0.08000	-2.75740	-2.81435	13.58753	-178.86418	1.18103	-86.36004	0.19749	0.06347	0.99776	0.02109	0.99777	-0.06388	0.01931	0.02061	0.01982	-0.99959	
10	0.09000	-2.78040	-2.85807	13.55982	-178.98454	1.24536	-86.32493	0.21269	0.06408	0.99776	0.01908	0.99771	-0.06447	0.02055	0.02173	0.01772	-0.99961	
11	0.10000	-2.86191	-2.83289	13.61924	-178.96599	1.32111	-86.37573	0.29273	0.06320	0.99781	0.01947	0.99773	-0.06362	0.02187	0.02306	0.01804	-0.99957	
12	0.11000	-2.86532	-2.75433	13.70073	-178.72609	1.26596	-86.42447	0.35966	0.06235	0.99778	0.02357	0.99781	-0.06284	0.02066	0.02209	0.02223	-0.99951	
13	0.12000	-2.74862	-2.81941	13.59448	-178.87946	1.14768	-86.34889	0.19415	0.06367	0.99775	0.02079	0.99777	-0.06406	0.01874	0.02003	0.01955	-0.99961	
14	0.13000	-2.87096	-2.72351	13.54470	-178.91133	1.19930	-86.41836	0.33007	0.06246	0.99784	0.02027	0.99783	-0.06286	0.01970	0.02093	0.01900	-0.99960	
15	0.14000	-2.92179	-2.75236	13.64659	-178.76466	1.28725	-86.43909	0.39358	0.06209	0.99781	0.02291	0.99782	-0.06258	0.02108	0.02246	0.02155	-0.99952	
16	0.15000	-2.88762	-2.74228	13.65711	-178.74545	1.23546	-86.45056	0.38550	0.06190	0.99781	0.02319	0.99785	-0.06237	0.02016	0.02156	0.02189	-0.99953	
17	0.16000	-2.83824	-2.73251	13.59505	-178.84808	1.15948	-86.41820	0.30381	0.06246	0.99782	0.02133	0.99784	-0.06287	0.01894	0.02024	0.02010	-0.99959	
18	0.17000	-2.86175	-2.72836	13.55132	-178.92058	1.15598	-86.40559	0.31438	0.06268	0.99783	0.02007	0.99783	-0.06306	0.01895	0.02017	0.01883	-0.99962	
19	0.18000	-2.91428	-2.74576	13.61718	-178.84042	1.23990	-86.43714	0.36948	0.06213	0.99784	0.02154	0.99783	-0.06257	0.02033	0.02164	0.02023	-0.99956	
20	0.19000	-2.90232	-2.74884	13.66582	-178.73865	1.23711	-86.44324	0.39383	0.06202	0.99780	0.02331	0.99784	-0.06250	0.02018	0.02159	0.02201	-0.99952	
21	0.20000	-2.82433	-2.73332	13.57666	-178.81943	1.14616	-86.42117	0.32266	0.06241	0.99781	0.02181	0.99785	-0.06282	0.01867	0.02000	0.02060	-0.99959	
22	0.21000	-2.85357	-2.73461	13.53459	-178.92795	1.14127	-86.40726	0.30542	0.06265	0.99784	0.01992	0.99784	-0.06303	0.01870	0.01992	0.01871	-0.99963	
23	0.22000	-2.91767	-2.74234	13.60246	-178.84306	1.22823	-86.41810	0.35995	0.06246	0.99782	0.02149	0.99782	-0.06289	0.02013	0.02143	0.02019	-0.99957	
24	0.23000	-2.89956	-2.76475	13.64857	-178.75499	1.25674	-86.43544	0.38827	0.06216	0.99780	0.02305	0.99783	-0.06263	0.02053	0.02193	0.02172	-0.99952	
25	0.24000	-2.84260	-2.74227	13.58481	-178.81552	1.15370	-86.43115	0.34227	0.06224	0.99782	0.02188	0.99786	-0.06265	0.01880	0.02013	0.02067	-0.99958	
26	0.25000	-2.84564	-2.72395	13.52904	-178.90457	1.15072	-86.40958	0.31242	0.06261	0.99783	0.02034	0.99784	-0.06300	0.01884	0.02008	0.01911	-0.99962	
27	0.26000	-2.89392	-2.73628	13.55856	-178.91144	1.22857	-86.42535	0.35057	0.06233	0.99785	0.02030	0.99782	-0.06274	0.02021	0.02144	0.01899	-0.99959	
28	0.27000	-2.90375	-2.75519	13.63374	-178.76819	1.23466	-86.44355	0.37778	0.06202	0.99781	0.02279	0.99784	-0.06248	0.02017	0.02155	0.02149	-0.99954	
29	0.28000	-2.81561	-2.76595	13.62247	-178.83069	1.14660	-86.41555	0.38619	0.06251	0.99781	0.02162	0.99784	-0.06291	0.01869	0.02001	0.02040	-0.99959	
30	0.29000	-2.84269	-2.75438	13.55495	-178.91595	1.13932	-86.41029	0.30685	0.06260	0.99784	0.02013	0.99784	-0.06298	0.01866	0.01988	0.01892	-0.99962	
31	0.30000	-2.89239	-2.74790	13.55495	-178.92763	1.20279	-86.43386	0.35001	0.06219	0.99786	0.01998	0.99784	-0.06258	0.01978	0.02099	0.01871	-0.99960	
32	0.31000	-2.89029	-2.75601	13.63357	-178.79181	1.24663	-86.44146	0.36660	0.06205	0.99782	0.02239	0.99784	-0.06251	0.02040	0.02176	0.02108	-0.99954	
33	0.32000	-2.84875	-2.73540	13.60222	-178.75645	1.17319	-86.41908	0.34626	0.06245	0.99778	0.02294	0.99784	-0.06289	0.01907	0.02047	0.02170	-0.99955	
34	0.33000	-2.82995	-2.73394	13.54944	-178.89767	1.13217	-86.40875	0.30570	0.06263	0.99783	0.02044	0.99784	-0.06301	0.01851	0.01976	0.01923	-0.99962	
35	0.34000	-2.92294	-2.68444	13.60851	-178.83447	1.19205	-86.42796	0.39711	0.06229	0.99782	0.02160	0.99784	-0.06271	0.01949	0.02080	0.02034	-0.99958	
36	0.35000	-2.92120	-2.76099	13.60670	-178.81671	1.23845	-86.43661	0.38279	0.06214	0.99783	0.02195	0.99783	-0.06258	0.02028	0.02161	0.02065	-0.99955	
37	0.36000	-2.81563	-2.80466	13.65531	-178.71054	1.19658	-86.41960	0.35811	0.06244	0.99777	0.02376	0.99783	-0.06290	0.01943	0.02088	0.02250	-0.99953	
38	0.37000	-2.81870	-2.76630	13.56938	-178.89148	1.15813	-86.41674	0.34461	0.06249	0.99783	0.02057	0.99784	-0.06288	0.01896	0.02021	0.01934	-0.99961	
39	0.38000	-2.90246	-2.68938	13.57168	-178.85382	1.18779	-86.43323	0.38937	0.06220	0.99784	0.02125	0.99785	-0.06261	0.01944	0.02073	0.02000	-0.99959	
40	0.39000	-2.90241	-2.75501	13.59488	-178.85220	1.18343	-86.42421	0.36329	0.06236	0.99783	0.02128	0.99784	-0.06277	0.01936	0.02065	0.02003	-0.99959	
41	0.40000	-2.84047	-2.78561	13.63027	-178.78413	1.21763	-86.42302	0.39205	0.06238	0.99780	0.02250	0.99783	-0.06283	0.01988	0.02125	0.02121	-0.99955	
42	0.41000	-2.80626	-2.76550	13.60333	-178.88162	1.12815	-86.40807	0.36617	0.06264	0.99782	0.02071	0.99784	-0.06302	0.01842	0.01969	0.01951	-0.99962	
43	0.42000	-2.84273	-2.77324	13.55334	-178.96945	1.19162	-86.40694	0.35162	0.06266	0.99785	0.01925	0.99782	-0.06303	0.01962	0.02080	0.01798	-0.99962	
44	0.43000	-2.89467	-2.76612	13.56481	-178.87698	1.20393	-86.43716	0.36150	0.06213	0.99785	0.02087	0.99785	-0.06254	0.01975	0.02101	0.01959	-0.99959	
45	0.44000	-2.85264	-2.76914	13.62532	-178.79860	1.20618	-86.41776	0.39370	0.06247	0.99780	0.02224	0.99782	-0.06291	0.01969	0.02105	0.02096	-0.99956	
46	0.45000	-2.82717	-2.75865	13.59489	-178.85269	1.15579	-86.44131	0.35770	0.06206	0.99785	0.02124	0.99787	-0.06246	0.01889	0.02017	0.02002	-0.99960	
47	0.46000	-2.85298	-2.72007	13.52726	-178.90353	1.17773	-86.39460	0.31087	0.06287	0.99781	0.02039	0.99781	-0.06327	0.01931	0.02055	0.01913	-0.99961	
48	0.47000	-2.88712	-2.76118	13.58263	-178.91475	1.23006	-86.41589	0.38787	0.06250	0.99784	0.02024	0.99781	-0.06291	0.02024	0.02147	0.01894	-0.99959	
49	0.48000	-2.84929	-2.77775	13.63109	-178.81947	1.20367	-86.41973	0.39320	0.06243	0.99781	0.02187	0.99783	-0.06287	0.01967	0.02101	0.02060	-0.99957	
50	0.49000	-2.80831	-2.77978	13.57683	-178.82794	1.16871	-86.43626	0.37108	0.06215	0.99783	0.02168	0.99786	-0.06256	0.01908	0.02040	0.02045	-0.99958	
51	0.50000	-2.81986	-2.75675	13.52736	-178.93021	1.18308	-86.39678	0.33227	0.06283	0.99783	0.01993	0.99781	-0.06322	0.01943	0.02065	0.01867	-0.99961	
52	0.51000	-2.90026	-2.70331	13.59001	-178.80244	1.22892	-86.40461	0.44087	0.06270	0.99779	0.02220	0.99780	-0.06314	0.02009	0.02145	0.02090	-0.99955	
53	0.52000	-2.85477	-2.76120	13.61085	-178.81932	1.17922	-86.40741	0.39844	0.06265	0.99780	0.02185	0.99782	-0.06307	0.01924	0.02058	0.02060	-0.99958	
54	0.53000	-2.80185	-2.80226	13.63998	-178.73116	1.16408	-86.42623	0.34232	0.06232	0.99778	0.02337	0.99785	-0.06277	0.01889	0.02032	0.02214	-0.99955	
55	0.54000	-2.84952	-2.74165	13.52938	-178.95874	1.13730	-86.42531	0.31269	0.06234	0.99787	0.01937	0.99786	-0.06270	0.01867	0.01985	0.01817	-0.99964	
56	0.55000	-2.90690	-2.73268	13.59698	-178.84705	1.19085	-86.42618	0.42684	0.06232	0.99783	0.02138	0.99784	-0.06274	0.01948	0.02078	0.02012	-0.99958	
57	0.56000	-2.86445	-2.78283	13.59978	-178.82492	1.21587	-86.43460	0.39570	0.06217	0.99783	0.02179	0.99784	-0.06261	0.01990	0.02122	0.02050	-0.99956	
58	0.57000	-2.77812	-2.81239	13.62959	-178.73689	1.12806	-86.40898	0.36784	0.06262	0.99777	0.02323	0.99784	-0.06305	0.01826	0.01969	0.02204	-0.99956	
59	0.58000	-2.81105	-2.81473	13.52196	-178.96281	1.13073	-86.42999	0.28834	0.06226	0.99787	0.01929	0.99787	-0.06261	0.01857	0.01973	0.01810	-0.99964	
60	0.59000	-2.89378	-2.72961	13.58300	-178.85011	1.20155	-86.43082	0.42948	0.06224	0.99783	0.02133	0.99784	-0.06266	0.01968	0.02097	0.02006	-0.99958	
61	0.60000	-2.85753	-2.78292	13.58087	-178.83977	1.23337	-86.42338	0.38803	0.06237	0.99782	0.02155	0.99782	-0.06281	0.02022	0.02152	0.02024	-0.99956	
62	0.61000	-2.81856	-2.77338	13.60602	-178.80551	1.16129	-86.43582	0.38982	0.06215	0.99782	0.02207	0.99786	-0.06257	0.01893	0.02027	0.02084	-0.99958	
63	0.62000	-2.80335	-2.76150	13.54853	-178.89558	1.15515	-86.39704	0.33102	0.06283	0.99781	0.02050	0.99782	-0.06322	0.01890	0.02016	0.01927	-0.99961	
64	0.63000	-2.85873	-2.74601	13.56509	-178.91161	1.16356	-86.42011	0.40838	0.06243	0.99784	0.02023	0.99784	-0.06281	0.01908	0.02031	0.01899	-0.99961	
65	0.64000	-2.86508	-2.76320	13.56481	-178.87369	1.18899	-86.42736	0.37980	0.06230	0.99784	0.02091	0.99784	-0.06271	0.01948	0.02075	0.01965	-0.99959	
66	0.65000	-2.83685	-2.77924	13.60812	-178.80119	1.16154	-86.43799	0.39295	0.06212	0.99782	0.02214	0.99786	-0.06254	0.01893	0.02027	0.02092	-0.99958	
67	0.66000	-2.82601	-2.74922	13.55672	-178.88260	1.17825	-86.42810	0.35102	0.06229	0.99784	0.02074	0.99785	-0.06269	0.01930	0.02056	0.01950	-0.99960	
68	0.67000	-2.85808	-2.73744	13.57513	-178.88185	1.16006	-86.41969	0.40770	0.06243	0.99783	0.02074	0.99784	-0.06283	0.01898	0.02025	0.01951	-0.99960	
69	0.68000	-2.86143	-2.78511	13.55503	-178.89592	1.20648	-86.40517	0.37300	0.06269	0.99782	0.02055	0.99781	-0.06309	0.01980	0.02106	0.01926	-0.99959	
70	0.69000	-2.83877	-2.79626	13.62698	-178.79253	1.22708	-86.41568	0.45247	0.06250	0.99779	0.02237	0.99782	-0.06295	0.02005	0.02141	0.02107	-0.99955	
71	0.70000	-2.81525	-2.76314	13.58982	-178.88748	1.14745	-86.42510	0.35471	0.06234	0.99784	0.02063	0.99785	-0.06273	0.01877	0.02003	0.01941	-0.99961	
72	0.71000	-2.82769	-2.76420	13.54857	-178.94617	1.16258	-86.41741	0.34499	0.06247	0.99785	0.01962	0.99784	-0.06285	0.01910	0.02029	0.01839	-0.99963	
73	0.72000	-2.86417	-2.76144	13.54792	-178.89342	1.21933	-86.42162	0.37751	0.06240	0.99784	0.02060	0.99782	-0.06281	0.02003	0.02128	0.01931	-0.99959	
74	0.73000	-2.83014	-2.80257	13.61360	-178.80554	1.20358	-86.39372	0.45134	0.06289	0.99778	0.02213	0.99780	-0.06332	0.01965	0.02100	0.02084	-0.99956	
75	0.74000	-2.80476	-2.79008	13.61886	-178.74886	1.16955	-86.41971	0.35094	0.06243	0.99778	0.02307	0.99784	-0.06288	0.01900	0.02041	0.02183	-0.99955	
76	0.75000	-2.84602	-2.75347	13.55568	-178.93044	1.15318	-86.41425	0.34728	0.06253	0.99784	0.01989	0.99784	-0.06291	0.01892	0.02013	0.01866	-0.99962	
77	0.76000	-2.83711	-2.80228	13.57017	-178.94185	1.24969	-86.38961	0.43672	0.06296	0.99782	0.01980	0.99778	-0.06336	0.02060	0.02181	0.01846	-0.99959	
78	0.77000	-2.85726	-2.78306	13.60285	-178.82675	1.17330	-86.44314	0.40596	0.06203	0.99784	0.02171	0.99786	-0.06244	0.01916	0.02048	0.02047	-0.99958	
79	0.78000	-2.82709	-2.77422	13.65651	-178.73077	1.18880	-86.42457	0.33715	0.06235	0.99778	0.02340	0.99784	-0.06281	0.01932	0.02075	0.02215	-0.99954	
80	0.79000	-2.82506	-2.75182	13.56118	-178.92723	1.16115	-86.41035	0.35856	0.06260	0.99784	0.01995	0.99783	-0.06298	0.01905	0.02026	0.01872	-0.99962	
81	0.80000	-2.85281	-2.76702	13.54944	-178.92885	1.19925	-86.42101	0.36883	0.06241	0.99785	0.01996	0.99783	-0.06280	0.01972	0.02093	0.01869	-0.99961	
82	0.81000	-2.84969	-2.76701	13.59666	-178.81384	1.19515	-86.42716	0.40323	0.06230	0.99782	0.02196	0.99784	-0.06274	0.01952	0.02086	0.02070	-0.99957	
83	0.82000	-2.82305	-2.78304	13.67136	-178.72926	1.17411	-86.42077	0.34851	0.06242	0.99778	0.02341	0.99784	-0.06287	0.01906	0.02049	0.02217	-0.99954	
84	0.83000	-2.83412	-2.75322	13.56364	-178.91154	1.14915	-86.41640	0.35189	0.06249	0.99784	0.02021	0.99784	-0.06287	0.01882	0.02006	0.01899	-0.99962	
85	0.84000	-2.88857	-2.72544	13.58464	-178.84204	1.18431	-86.43151	0.43896	0.06223	0.99783	0.02146	0.99785	-0.06265	0.01937	0.02067	0.02020	-0.99958	
86	0.85000	-2.85705	-2.76405	13.57704	-178.86176	1.18610	-86.42715	0.39899	0.06230	0.99783	0.02112	0.99784	-0.06272	0.01942	0.02070	0.01986	-0.99959	
87	0.86000	-2.83314	-2.76688	13.64143	-178.78737	1.21738	-86.42207	0.37900	0.06239	0.99780	0.02245	0.99783	-0.06284	0.01988	0.02125	0.02116	-0.99955	
88	0.87000	-2.82710	-2.76393	13.59507	-178.89096	1.14759	-86.39836	0.36797	0.06281	0.99781	0.02057	0.99782	-0.06319	0.01877	0.02003	0.01935	-0.99961	
89	0.88000	-2.84233	-2.75812	13.55537	-178.94534	1.19721	-86.41399	0.34974	0.06253	0.99785	0.01968	0.99782	-0.06292	0.01970	0.02089	0.01840	-0.99961	
90	0.89000	-2.85585	-2.76390	13.56342	-178.84958	1.18441	-86.42760	0.37595	0.06230	0.99783	0.02133	0.99784	-0.06271	0.01938	0.02067	0.02007	-0.99958	
91	0.90000	-2.83396	-2.78749	13.63700	-178.78171	1.20404	-86.39922	0.44270	0.06279	0.99777	0.02254	0.99781	-0.06324	0.01963	0.02101	0.02126	-0.99955	
92	0.91000	-2.80282	-2.76793	13.60312	-178.85794	1.15725	-86.41946	0.37482	0.06244	0.99782	0.02115	0.99784	-0.06284	0.01891	0.02020	0.01993	-0.99960	
93	0.92000	-2.84897	-2.76884	13.54707	-178.91086	1.20912	-86.42387	0.37811	0.06236	0.99785	0.02029	0.99783	-0.06276	0.01987	0.02110	0.01900	-0.99960	
94	0.93000	-2.86835	-2.74145	13.56701	-178.89220	1.19962	-86.42543	0.39493	0.06233	0.99784	0.02060	0.99784	-0.06274	0.01969	0.02094	0.01933	-0.99959	
95	0.94000	-2.83717	-2.76296	13.61331	-178.80235	1.19884	-86.42036	0.38923	0.06242	0.99780	0.02217	0.99783	-0.06286	0.01957	0.02092	0.02090	-0.99956	
96	0.95000	-2.83690	-2.77265	13.59475	-178.84683	1.16150	-86.42562	0.37284	0.06233	0.99783	0.02135	0.99785	-0.06274	0.01897	0.02027	0.02012	-0.99959	
97	0.96000	-2.83722	-2.76375	13.55233	-178.92824	1.17733	-86.42352	0.34426	0.06237	0.99785	0.01995	0.99784	-0.06275	0.01934	0.02055	0.01870	-0.99961	
98	0.97000	-2.88146	-2.75867	13.54519	-178.88997	1.18788	-86.43896	0.39283	0.06210	0.99786	0.02062	0.99785	-0.06250	0.01948	0.02073	0.01937	-0.99960	
99	0.98000	-2.85772	-2.76355	13.62646	-178.79152	1.22144	-86.42535	0.38729	0.06233	0.99780	0.02238	0.99783	-0.06278	0.01996	0.02132	0.02109	-0.99955	
100	0.99000	-2.83832	-2.76952	13.62556	-178.83952	1.17400	-86.42020	0.38804	0.06243	0.99782	0.02149	0.99784	-0.06284	0.01918	0.02049	0.02025	-0.99959	
101	1.00000	-2.84734	-2.75799	13.56666	-178.92731	1.17287	-86.41721	0.37703	0.06248	0.99785	0.01996	0.99784	-0.06286	0.01926	0.02047	0.01872	-0.99962	
102	1.01000	-2.86818	-2.75654	13.56033	-178.90839	1.19316	-86.43644	0.36973	0.06214	0.99786	0.02031	0.99785	-0.06254	0.01959	0.02082	0.01905	-0.99960	
103	1.02000	-2.83845	-2.78302	13.61356	-178.80360	1.26536	-86.40731	0.44091	0.06265	0.99779	0.02222	0.99779	-0.06311	0.02073	0.02208	0.02087	-0.99954	
104	1.03000	-2.84211	-2.75976	13.66179	-178.83615	1.15628	-86.42863	0.38627	0.06228	0.99783	0.02153	0.99785	-0.06269	0.01887	0.02018	0.02031	-0.99959	
105	1.04000	-2.83376	-2.76230	13.57849	-178.87422	1.19475	-86.41791	0.36721	0.06247	0.99783	0.02091	0.99783	-0.06288	0.01958	0.02085	0.01964	-0.99959	
106	1.05000	-2.85264	-2.76932	13.56153	-178.92191	1.15581	-86.43407	0.37124	0.06218	0.99786	0.02003	0.99786	-0.06256	0.01896	0.02017	0.01881	-0.99962	
107	1.06000	-2.85757	-2.76686	13.61136	-178.83430	1.19673	-86.43089	0.38673	0.06224	0.99783	0.02160	0.99784	-0.06266	0.01957	0.02089	0.02034	-0.99957	
108	1.07000	-2.83363	-2.79368	13.69726	-178.70996	1.21149	-86.40157	0.37519	0.06275	0.99775	0.02380	0.99781	-0.06322	0.01968	0.02114	0.02251	-0.99952	
109	1.08000	-2.84338	-2.75785	13.58264	-178.86757	1.18387	-86.41842	0.37879	0.06246	0.99783	0.02102	0.99783	-0.06287	0.01938	0.02066	0.01976	-0.99959	
110	1.09000	-2.85924	-2.76610	13.55323	-178.94582	1.17102	-86.42850	0.38912	0.06228	0.99787	0.01963	0.99785	-0.06266	0.01925	0.02044	0.01839	-0.99962	
111	1.10000	-2.86704	-2.75922	13.60510	-178.85010	1.19616	-86.44489	0.41050	0.06200	0.99785	0.02132	0.99786	-0.06241	0.01959	0.02088	0.02006	-0.99958	
112	1.11000	-2.85857	-2.77693	13.65315	-178.77644	1.21724	-86.40512	0.46189	0.06269	0.99778	0.02264	0.99781	-0.06314	0.01986	0.02124	0.02135	-0.99955	
113	1.12000	-2.85441	-2.77655	13.62231	-178.84566	1.21192	-86.40643	0.37168	0.06266	0.99780	0.02143	0.99781	-0.06309	0.01984	0.02115	0.02014	-0.99957	
114	1.13000	-2.84709	-2.77644	13.57284	-178.91589	1.16293	-86.43227	0.36144	0.06222	0.99786	0.02015	0.99786	-0.06260	0.01908	0.02030	0.01892	-0.99962	
115	1.14000	-2.85363	-2.80851	13.60823	-178.85786	1.23581	-86.39611	0.43147	0.06284	0.99780	0.02125	0.99779	-0.06327	0.02027	0.02157	0.01993	-0.99957	
116	1.15000	-2.83131	-2.81147	13.67453	-178.74632	1.25549	-86.39884	0.45310	0.06280	0.99776	0.02321	0.99779	-0.06327	0.02049	0.02191	0.02187	-0.99952	
117	1.16000	-2.84629	-2.77264	13.65848	-178.84172	1.20336	-86.42867	0.39991	0.06228	0.99783	0.02148	0.99784	-0.06270	0.01970	0.02100	0.02021	-0.99958	
118	1.17000	-2.85523	-2.74388	13.57014	-178.91071	1.20471	-86.42286	0.37781	0.06238	0.99785	0.02029	0.99783	-0.06278	0.01979	0.02102	0.01901	-0.99960	
119	1.18000	-2.86491	-2.76553	13.57736	-178.88962	1.17714	-86.44065	0.40981	0.06207	0.99786	0.02062	0.99786	-0.06247	0.01930	0.02054	0.01937	-0.99960	
120	1.19000	-2.86150	-2.79792	13.67457	-178.78276	1.26717	-86.40955	0.46160	0.06261	0.99778	0.02259	0.99779	-0.06308	0.02074	0.02211	0.02124	-0.99953	
121	1.20000	-2.83099	-2.80026	13.65823	-178.79857	1.23500	-86.39211	0.45880	0.06291	0.99777	0.02228	0.99779	-0.06337	0.02019	0.02155	0.02096	-0.99955	
122	1.21000	-2.84828	-2.76015	13.57662	-178.91969	1.18507	-86.41720	0.39079	0.06248	0.99784	0.02011	0.99783	-0.06287	0.01946	0.02068	0.01885	-0.99961	
123	1.22000	-2.86234	-2.74832	13.55301	-178.87070	1.18827	-86.42828	0.37864	0.06228	0.99784	0.02096	0.99784	-0.06269	0.01947	0.02074	0.01970	-0.99959	
124	1.23000	-2.83281	-2.80372	13.67691	-178.77151	1.25693	-86.39059	0.46927	0.06294	0.99776	0.02278	0.99778	-0.06341	0.02054	0.02194	0.02143	-0.99953	
125	1.24000	-2.86293	-2.79891	13.67639	-178.81277	1.25035	-86.40063	0.45128	0.06276	0.99778	0.02205	0.99779	-0.06322	0.02047	0.02182	0.02071	-0.99955	
126	1.25000	-2.84643	-2.76512	13.59341	-178.89200	1.17887	-86.41084	0.37276	0.06259	0.99783	0.02059	0.99783	-0.06299	0.01932	0.02057	0.01933	-0.99960	
127	1.26000	-2.85646	-2.76126	13.57431	-178.87761	1.17941	-86.42638	0.40284	0.06232	0.99784	0.02083	0.99784	-0.06272	0.01932	0.02058	0.01958	-0.99960	
128	1.27000	-2.86734	-2.77694	13.64652	-178.81511	1.23058	-86.42747	0.41902	0.06230	0.99782	0.02198	0.99783	-0.06274	0.02014	0.02148	0.02067	-0.99956	
129	1.28000	-2.86494	-2.79687	13.71377	-178.74446	1.26784	-86.40235	0.48300	0.06273	0.99776	0.02326	0.99778	-0.06322	0.02070	0.02213	0.02191	-0.99952	
130	1.29000	-2.86232	-2.76315	13.62507	-178.87973	1.18597	-86.41631	0.37275	0.06249	0.99783	0.02081	0.99783	-0.06290	0.01943	0.02070	0.01955	-0.99959	
131	1.30000	-2.85186	-2.76085	13.57258	-178.90350	1.19488	-86.42145	0.38752	0.06240	0.99784	0.02040	0.99783	-0.06280	0.01961	0.02085	0.01913	-0.99960	
132	1.31000	-2.84991	-2.79355	13.64541	-178.80605	1.26930	-86.40077	0.46067	0.06276	0.99778	0.02219	0.99778	-0.06322	0.02080	0.02215	0.02083	-0.99954	
133	1.32000	-2.88038	-2.79116	13.75013	-178.71860	1.31910	-86.40369	0.50323	0.06271	0.99775	0.02376	0.99777	-0.06322	0.02157	0.02302	0.02236	-0.99948	
134	1.33000	-2.86518	-2.76687	13.66507	-178.82007	1.22026	-86.41695	0.40417	0.06248	0.99781	0.02188	0.99782	-0.06292	0.01996	0.02130	0.02059	-0.99956	
135	1.34000	-2.85145	-2.75911	13.54951	-178.89349	1.18321	-86.42982	0.39227	0.06226	0.99785	0.02056	0.99785	-0.06266	0.01940	0.02065	0.01931	-0.99960	
136	1.35000	-2.83952	-2.80588	13.61929	-178.84366	1.23998	-86.39275	0.44804	0.06290	0.99779	0.02150	0.99779	-0.06334	0.02032	0.02164	0.02018	-0.99956	
137	1.36000	-2.88597	-2.79290	13.71989	-178.76862	1.27405	-86.40174	0.49665	0.06274	0.99777	0.02284	0.99778	-0.06322	0.02084	0.02223	0.02148	-0.99952	
138	1.37000	-2.83935	-2.83758	13.72254	-178.77670	1.24912	-86.39368	0.45265	0.06289	0.99776	0.02268	0.99778	-0.06335	0.02041	0.02180	0.02134	-0.99953	
139	1.38000	-2.86657	-2.76133	13.58402	-178.87685	1.22316	-86.44878	0.38972	0.06193	0.99786	0.02089	0.99785	-0.06235	0.02009	0.02135	0.01960	-0.99958	
140	1.39000	-2.84050	-2.78868	13.63928	-178.83212	1.25446	-86.40337	0.45384	0.06272	0.99780	0.02171	0.99779	-0.06316	0.02057	0.02189	0.02038	-0.99955	
141	1.40000	-2.87260	-2.80062	13.69711	-178.76280	1.28464	-86.39089	0.46892	0.06293	0.99775	0.02296	0.99777	-0.06342	0.02101	0.02242	0.02159	-0.99952	
142	1.41000	-2.85833	-2.78949	13.70724	-178.75594	1.29804	-86.38136	0.47394	0.06310	0.99774	0.02310	0.99775	-0.06359	0.02123	0.02265	0.02171	-0.99951	
143	1.42000	-2.87610	-2.76499	13.59172	-178.87796	1.20410	-86.44134	0.40600	0.06206	0.99785	0.02085	0.99785	-0.06247	0.01975	0.02101	0.01958	-0.99959	
144	1.43000	-2.85820	-2.79124	13.59541	-178.84723	1.24622	-86.39293	0.45534	0.06290	0.99779	0.02145	0.99778	-0.06334	0.02044	0.02175	0.02011	-0.99956	
145	1.44000	-2.88790	-2.79718	13.72562	-178.75653	1.25870	-86.40037	0.48180	0.06277	0.99776	0.02304	0.99779	-0.06325	0.02056	0.02197	0.02170	-0.99952	
146	1.45000	-2.86748	-2.79917	13.72305	-178.74062	1.29665	-86.39404	0.48267	0.06288	0.99775	0.02336	0.99776	-0.06338	0.02120	0.02263	0.02197	-0.99950	
147	1.46000	-2.84631	-2.80402	13.62241	-178.86122	1.24376	-86.41261	0.46157	0.06256	0.99782	0.02119	0.99781	-0.06299	0.02042	0.02171	0.01987	-0.99957	
148	1.47000	-2.83477	-2.80406	13.60009	-178.84319	1.24632	-86.38504	0.43272	0.06304	0.99778	0.02152	0.99777	-0.06348	0.02043	0.02175	0.02018	-0.99956	
149	1.48000	-2.85654	-2.79946	13.69315	-178.79875	1.28431	-86.37305	0.47558	0.06324	0.99775	0.02234	0.99775	-0.06371	0.02104	0.02241	0.02096	-0.99953	
150	1.49000	-2.89311	-2.80166	13.74268	-178.72910	1.33081	-86.39060	0.49361	0.06294	0.99774	0.02360	0.99775	-0.06345	0.02178	0.02322	0.02217	-0.99948	
151	1.50000	-2.88342	-2.77347	13.62785	-178.85201	1.24035	-86.45094	0.41779	0.06189	0.99785	0.02134	0.99785	-0.06232	0.02036	0.02165	0.02003	-0.99957	
152	1.51000	-2.84705	-2.81044	13.58798	-178.86734	1.23041	-86.40880	0.44584	0.06262	0.99781	0.02107	0.99781	-0.06305	0.02019	0.02147	0.01976	-0.99957	
153	1.52000	-2.85545	-2.79815	13.69155	-178.79250	1.27031	-86.37438	0.46859	0.06322	0.99775	0.02243	0.99775	-0.06369	0.02079	0.02217	0.02107	-0.99953	
154	1.53000	-2.87954	-2.81748	13.74712	-178.76424	1.29155	-86.39730	0.49375	0.06282	0.99776	0.02294	0.99777	-0.06331	0.02113	0.02254	0.02156	-0.99951	
155	1.54000	-2.86076	-2.80296	13.65245	-178.80832	1.29110	-86.39032	0.45060	0.06294	0.99777	0.02217	0.99776	-0.06341	0.02117	0.02253	0.02079	-0.99953	
156	1.55000	-2.85908	-2.77786	13.56687	-178.89317	1.19587	-86.44572	0.38189	0.06198	0.99787	0.02057	0.99786	-0.06238	0.01963	0.02087	0.01931	-0.99960	
157	1.56000	-2.86491	-2.77065	13.63873	-178.83891	1.21650	-86.41026	0.40370	0.06260	0.99781	0.02155	0.99781	-0.06303	0.01992	0.02123	0.02026	-0.99957	
158	1.57000	-2.86601	-2.80995	13.76919	-178.79031	1.32297	-86.38111	0.48895	0.06310	0.99775	0.02253	0.99774	-0.06359	0.02170	0.02309	0.02111	-0.99951	
159	1.58000	-2.85171	-2.79378	13.68907	-178.80501	1.30034	-86.39302	0.47360	0.06290	0.99777	0.02224	0.99776	-0.06337	0.02133	0.02269	0.02085	-0.99953	
160	1.59000	-2.84546	-2.79287	13.57237	-178.86543	1.22734	-86.40406	0.43051	0.06271	0.99781	0.02110	0.99780	-0.06313	0.02013	0.02142	0.01980	-0.99957	
161	1.60000	-2.85401	-2.78170	13.63470	-178.80693	1.25950	-86.39635	0.44807	0.06284	0.99778	0.02216	0.99778	-0.06330	0.02062	0.02198	0.02082	-0.99954	
162	1.61000	-2.87686	-2.79303	13.74931	-178.76401	1.34921	-86.36520	0.48446	0.06338	0.99772	0.02302	0.99771	-0.06389	0.02213	0.02355	0.02156	-0.99949	
163	1.62000	-2.87010	-2.80751	13.73580	-178.79199	1.28839	-86.39426	0.47713	0.06287	0.99777	0.02245	0.99777	-0.06335	0.02111	0.02248	0.02108	-0.99953	
164	1.63000	-2.83265	-2.81500	13.60162	-178.86540	1.22057	-86.40622	0.43592	0.06267	0.99781	0.02110	0.99781	-0.06309	0.02001	0.02130	0.01980	-0.99958	
165	1.64000	-2.83830	-2.79556	13.61015	-178.83424	1.27954	-86.38587	0.42759	0.06302	0.99778	0.02171	0.99776	-0.06348	0.02100	0.02233	0.02034	-0.99954	
166	1.65000	-2.83896	-2.82177	13.77308	-178.70694	1.32364	-86.37267	0.45601	0.06325	0.99771	0.02398	0.99773	-0.06377	0.02162	0.02310	0.02256	-0.99948	
167	1.66000	-2.88993	-2.79809	13.74465	-178.77460	1.33194	-86.37937	0.51274	0.06313	0.99774	0.02281	0.99773	-0.06363	0.02184	0.02324	0.02138	-0.99950	
168	1.67000	-2.87247	-2.76872	13.60810	-178.82753	1.23692	-86.42659	0.40398	0.06231	0.99782	0.02177	0.99782	-0.06276	0.02026	0.02159	0.02046	-0.99956	
169	1.68000	-2.84643	-2.77832	13.58655	-178.87207	1.16564	-86.42781	0.39421	0.06229	0.99784	0.02091	0.99785	-0.06269	0.01907	0.02034	0.01968	-0.99960	
170	1.69000	-2.86659	-2.80593	13.72091	-178.78694	1.31090	-86.37312	0.46975	0.06324	0.99774	0.02257	0.99774	-0.06373	0.02149	0.02288	0.02116	-0.99951	
171	1.70000	-2.88217	-2.80826	13.73919	-178.78030	1.35719	-86.39258	0.48339	0.06290	0.99776	0.02273	0.99774	-0.06341	0.02229	0.02369	0.02128	-0.99949	
172	1.71000	-2.85703	-2.79307	13.60760	-178.83681	1.20956	-86.43928	0.39511	0.06209	0.99784	0.02157	0.99785	-0.06252	0.01980	0.02111	0.02030	-0.99957	
173	1.72000	-2.81771	-2.79565	13.58135	-178.83948	1.23386	-86.40467	0.42705	0.06269	0.99780	0.02156	0.99780	-0.06313	0.02022	0.02153	0.02025	-0.99956	
174	1.73000	-2.85529	-2.79948	13.69405	-178.81400	1.30674	-86.37248	0.45034	0.06325	0.99775	0.02210	0.99774	-0.06373	0.02144	0.02280	0.02069	-0.99953	
175	1.74000	-2.89535	-2.82810	13.75372	-178.80667	1.35245	-86.36090	0.49332	0.06345	0.99774	0.02228	0.99771	-0.06395	0.02223	0.02360	0.02082	-0.99950	
176	1.75000	-2.85002	-2.81632	13.64556	-178.80452	1.29694	-86.40501	0.47377	0.06269	0.99779	0.02224	0.99778	-0.06316	0.02128	0.02263	0.02086	-0.99953	
177	1.76000	-2.83612	-2.78581	13.55239	-178.88664	1.12495	-86.44436	0.38071	0.06201	0.99786	0.02061	0.99788	-0.06239	0.01839	0.01963	0.01943	-0.99962	
178	1.77000	-2.87685	-2.76043	13.62562	-178.87624	1.22041	-86.40880	0.39712	0.06262	0.99782	0.02091	0.99781	-0.06304	0.02002	0.02130	0.01961	-0.99958	
179	1.78000	-2.88053	-2.79969	13.75679	-178.75612	1.35931	-86.38980	0.49116	0.06295	0.99775	0.02316	0.99773	-0.06347	0.02230	0.02372	0.02170	-0.99948	
180	1.79000	-2.84926	-2.80413	13.66181	-178.77142	1.33801	-86.39161	0.47360	0.06292	0.99776	0.02287	0.99775	-0.06342	0.02195	0.02335	0.02144	-0.99950	
181	1.80000	-2.82904	-2.78577	13.55556	-178.89920	1.13682	-86.43608	0.38232	0.06215	0.99786	0.02041	0.99787	-0.06253	0.01860	0.01984	0.01921	-0.99962	
182	1.81000	-2.85790	-2.75870	13.62282	-178.89064	1.17188	-86.41169	0.36879	0.06257	0.99783	0.02060	0.99783	-0.06297	0.01920	0.02045	0.01936	-0.99960	
183	1.82000	-2.87545	-2.81100	13.73561	-178.78647	1.35594	-86.36145	0.49209	0.06344	0.99773	0.02264	0.99770	-0.06395	0.02227	0.02366	0.02117	-0.99950	
184	1.83000	-2.86264	-2.82975	13.68689	-178.78603	1.30971	-86.38770	0.48428	0.06299	0.99776	0.02258	0.99775	-0.06347	0.02147	0.02286	0.02118	-0.99951	
185	1.84000	-2.84494	-2.77545	13.54302	-178.85403	1.15424	-86.42265	0.37348	0.06238	0.99783	0.02122	0.99785	-0.06279	0.01885	0.02014	0.02000	-0.99960	
186	1.85000	-2.80940	-2.78626	13.59227	-178.86169	1.23753	-86.38796	0.40915	0.06299	0.99779	0.02119	0.99778	-0.06342	0.02030	0.02160	0.01986	-0.99957	
187	1.86000	-2.86310	-2.80769	13.72607	-178.80742	1.34867	-86.38028	0.49412	0.06312	0.99776	0.02226	0.99773	-0.06361	0.02217	0.02354	0.02081	-0.99951	
188	1.87000	-2.89225	-2.80857	13.74197	-178.80058	1.34645	-86.39684	0.49697	0.06283	0.99777	0.02237	0.99775	-0.06332	0.02213	0.02350	0.02093	-0.99950	
189	1.88000	-2.84477	-2.78285	13.59188	-178.84096	1.20283	-86.42697	0.39686	0.06231	0.99783	0.02150	0.99784	-0.06273	0.01969	0.02099	0.02022	-0.99958	
190	1.89000	-2.80695	-2.79105	13.60148	-178.85298	1.19828	-86.38825	0.40497	0.06298	0.99779	0.02130	0.99780	-0.06340	0.01961	0.02091	0.02001	-0.99958	
191	1.90000	-2.86000	-2.80314	13.69452	-178.81630	1.34502	-86.37122	0.47743	0.06327	0.99775	0.02210	0.99772	-0.06376	0.02211	0.02347	0.02065	-0.99951	
192	1.91000	-2.88383	-2.80134	13.71680	-178.78386	1.37047	-86.37797	0.51150	0.06316	0.99775	0.02269	0.99772	-0.06367	0.02252	0.02392	0.02122	-0.99949	
193	1.92000	-2.86006	-2.78900	13.58800	-178.83267	1.19278	-86.41434	0.39269	0.06253	0.99781	0.02163	0.99783	-0.06295	0.01950	0.02082	0.02037	-0.99958	
194	1.93000	-2.81895	-2.79673	13.60025	-178.86497	1.19289	-86.38818	0.41432	0.06298	0.99779	0.02108	0.99780	-0.06340	0.01952	0.02082	0.01980	-0.99959	
195	1.94000	-2.86667	-2.80074	13.71029	-178.86855	1.30956	-86.38147	0.46008	0.06310	0.99778	0.02115	0.99775	-0.06355	0.02156	0.02285	0.01974	-0.99954	
196	1.95000	-2.87304	-2.81464	13.74090	-178.80180	1.36119	-86.38368	0.49094	0.06306	0.99776	0.02237	0.99773	-0.06356	0.02238	0.02375	0.02091	-0.99950	
197	1.96000	-2.84349	-2.82652	13.63655	-178.80817	1.26504	-86.39404	0.47062	0.06288	0.99778	0.02215	0.99778	-0.06334	0.02072	0.02208	0.02079	-0.99954	
198	1.97000	-2.82383	-2.76015	13.56898	-178.84457	1.16261	-86.41599	0.36109	0.06250	0.99782	0.02139	0.99784	-0.06291	0.01899	0.02029	0.02016	-0.99959	
199	1.98000	-2.84965	-2.79221	13.64513	-178.83823	1.32388	-86.36733	0.44453	0.06334	0.99776	0.02170	0.99772	-0.06381	0.02177	0.02310	0.02027	-0.99953	
200	1.99000	-2.86677	-2.83093	13.70689	-178.80907	1.33874	-86.36915	0.49112	0.06331	0.99775	0.02222	0.99772	-0.06380	0.02200	0.02336	0.02078	-0.99951	
201	2.00000	-2.84291	-2.78825	13.64428	-178.83070	1.23543	-86.43719	0.41804	0.06213	0.99783	0.02171	0.99784	-0.06257	0.02025	0.02156	0.02040	-0.99956	
202	2.01000	-2.83208	-2.77218	13.57438	-178.85440	1.17572	-86.40330	0.35489	0.06272	0.99781	0.02124	0.99782	-0.06313	0.01922	0.02052	0.01999	-0.99959	
203	2.02000	-2.83718	-2.79184	13.66285	-178.87631	1.25037	-86.39272	0.44029	0.06290	0.99780	0.02094	0.99778	-0.06333	0.02054	0.02182	0.01961	-0.99957	
204	2.03000	-2.87234	-2.82733	13.71626	-178.79781	1.36513	-86.40266	0.48245	0.06273	0.99778	0.02243	0.99775	-0.06323	0.02246	0.02382	0.02097	-0.99950	
205	2.04000	-2.84931	-2.80483	13.67160	-178.80757	1.28150	-86.40334	0.47045	0.06272	0.99779	0.02217	0.99778	-0.06318	0.02101	0.02236	0.02081	-0.99953	
206	2.05000	-2.83919	-2.76703	13.55956	-178.85593	1.18254	-86.42887	0.37577	0.06227	0.99783	0.02121	0.99785	-0.06269	0.01935	0.02064	0.01996	-0.99959	
207	2.06000	-2.85236	-2.75962	13.59729	-178.85686	1.18966	-86.41689	0.36280	0.06248	0.99782	0.02121	0.99783	-0.06290	0.01947	0.02076	0.01995	-0.99959	
208	2.07000	-2.88142	-2.81900	13.72640	-178.80615	1.34703	-86.37891	0.50065	0.06314	0.99776	0.02228	0.99773	-0.06363	0.02214	0.02351	0.02083	-0.99951	
209	2.08000	-2.83870	-2.83124	13.69282	-178.83588	1.33914	-86.38789	0.48712	0.06298	0.99778	0.02175	0.99774	-0.06346	0.02204	0.02337	0.02031	-0.99952	
210	2.09000	-2.81406	-2.77297	13.58492	-178.86459	1.16291	-86.42084	0.36479	0.06241	0.99783	0.02104	0.99784	-0.06282	0.01901	0.02030	0.01981	-0.99960	
211	2.10000	-2.85022	-2.75473	13.57656	-178.87740	1.19374	-86.41780	0.37630	0.06247	0.99783	0.02086	0.99783	-0.06288	0.01956	0.02083	0.01959	-0.99959	
212	2.11000	-2.88523	-2.80985	13.71613	-178.81552	1.35965	-86.38200	0.48760	0.06309	0.99776	0.02213	0.99773	-0.06358	0.02237	0.02373	0.02067	-0.99950	
213	2.12000	-2.86347	-2.82134	13.70724	-178.80589	1.32638	-86.39414	0.49382	0.06288	0.99777	0.02225	0.99775	-0.06336	0.02179	0.02315	0.02083	-0.99951	
214	2.13000	-2.81958	-2.79288	13.57875	-178.86678	1.14453	-86.43272	0.37097	0.06221	0.99784	0.02098	0.99786	-0.06260	0.01870	0.01997	0.01977	-0.99960	
215	2.14000	-2.85162	-2.76323	13.57248	-178.90627	1.15813	-86.41932	0.35261	0.06244	0.99784	0.02031	0.99784	-0.06283	0.01898	0.02021	0.01908	-0.99961	
216	2.15000	-2.86612	-2.81712	13.68341	-178.85428	1.34673	-86.37588	0.45845	0.06319	0.99777	0.02144	0.99772	-0.06367	0.02219	0.02350	0.01999	-0.99952	
217	2.16000	-2.85786	-2.81064	13.71188	-178.84691	1.30999	-86.37924	0.46410	0.06314	0.99777	0.02153	0.99774	-0.06360	0.02154	0.02286	0.02012	-0.99954	
218	2.17000	-2.81097	-2.81666	13.61823	-178.86635	1.17902	-86.40525	0.42053	0.06269	0.99781	0.02104	0.99782	-0.06309	0.01929	0.02058	0.01978	-0.99959	
219	2.18000	-2.84189	-2.76081	13.55780	-178.89052	1.17156	-86.42017	0.35147	0.06243	0.99784	0.02060	0.99784	-0.06282	0.01919	0.02045	0.01936	-0.99960	
220	2.19000	-2.89654	-2.76044	13.63389	-178.84428	1.28466	-86.40469	0.39166	0.06269	0.99780	0.02154	0.99778	-0.06315	0.02111	0.02242	0.02016	-0.99955	
221	2.20000	-2.87388	-2.81930	13.71311	-178.83044	1.33428	-86.39452	0.48671	0.06287	0.99778	0.02183	0.99775	-0.06335	0.02195	0.02329	0.02041	-0.99952	
222	2.21000	-2.82921	-2.82071	13.62468	-178.86090	1.22018	-86.40027	0.44232	0.06277	0.99780	0.02118	0.99780	-0.06320	0.02000	0.02129	0.01988	-0.99958	
223	2.22000	-2.82830	-2.77740	13.54480	-178.89769	1.13957	-86.42944	0.35661	0.06227	0.99785	0.02044	0.99786	-0.06265	0.01865	0.01989	0.01923	-0.99962	
224	2.23000	-2.86565	-2.81517	13.63520	-178.86150	1.29797	-86.37074	0.44399	0.06328	0.99777	0.02126	0.99774	-0.06374	0.02134	0.02265	0.01986	-0.99955	
225	2.24000	-2.87866	-2.77761	13.70260	-178.82785	1.28887	-86.41628	0.42547	0.06249	0.99781	0.02182	0.99779	-0.06295	0.02117	0.02249	0.02045	-0.99954	
226	2.25000	-2.80651	-2.83921	13.68566	-178.73747	1.22601	-86.39099	0.39966	0.06293	0.99774	0.02334	0.99779	-0.06340	0.01996	0.02140	0.02203	-0.99953	
227	2.26000	-2.80947	-2.80818	13.56794	-178.88646	1.17644	-86.40085	0.42495	0.06276	0.99781	0.02068	0.99782	-0.06316	0.01927	0.02053	0.01943	-0.99960	
228	2.27000	-2.89269	-2.72253	13.64462	-178.81783	1.24181	-86.43555	0.47047	0.06216	0.99783	0.02194	0.99783	-0.06260	0.02034	0.02167	0.02063	-0.99955	
229	2.28000	-2.87282	-2.81420	13.72258	-178.81230	1.34729	-86.37119	0.48624	0.06327	0.99775	0.02217	0.99772	-0.06377	0.02215	0.02351	0.02072	-0.99951	
230	2.29000	-2.82906	-2.82852	13.67232	-178.82779	1.23751	-86.39463	0.44946	0.06287	0.99778	0.02177	0.99779	-0.06331	0.02026	0.02160	0.02045	-0.99956	
231	2.30000	-2.83299	-2.76532	13.57784	-178.89598	1.16020	-86.41634	0.35103	0.06249	0.99783	0.02050	0.99784	-0.06288	0.01900	0.02025	0.01926	-0.99961	
232	2.31000	-2.87857	-2.76002	13.66029	-178.81145	1.31335	-86.39743	0.50038	0.06282	0.99778	0.02214	0.99776	-0.06330	0.02157	0.02292	0.02074	-0.99952	
233	2.32000	-2.87628	-2.82498	13.72870	-178.84720	1.35553	-86.38824	0.50110	0.06298	0.99778	0.02157	0.99773	-0.06346	0.02234	0.02366	0.02011	-0.99952	
234	2.33000	-2.81749	-2.90623	13.79879	-178.80457	1.47441	-86.32623	0.58048	0.06405	0.99769	0.02247	0.99761	-0.06460	0.02434	0.02573	0.02086	-0.99945	
235	2.34000	-2.81345	-2.80183	13.60136	-178.83400	1.18290	-86.40000	0.42129	0.06278	0.99779	0.02161	0.99781	-0.06320	0.01932	0.02064	0.02034	-0.99958	
236	2.35000	-2.85527	-2.79651	13.61763	-178.90239	1.24616	-86.39027	0.44777	0.06294	0.99781	0.02049	0.99778	-0.06336	0.02049	0.02175	0.01915	-0.99958	
237	2.36000	-2.88270	-2.80855	13.71913	-178.86000	1.35686	-86.38487	0.48661	0.06304	0.99778	0.02135	0.99773	-0.06351	0.02237	0.02368	0.01989	-0.99952	
238	2.37000	-2.84949	-2.81356	13.72287	-178.82062	1.29900	-86.39928	0.47395	0.06279	0.99779	0.02197	0.99777	-0.06326	0.02133	0.02267	0.02058	-0.99953	
239	2.38000	-2.80964	-2.80554	13.62271	-178.85045	1.20460	-86.39277	0.42724	0.06290	0.99779	0.02134	0.99780	-0.06332	0.01971	0.02102	0.02006	-0.99958	
240	2.39000	-2.86591	-2.77565	13.59989	-178.88106	1.19933	-86.41702	0.37580	0.06248	0.99783	0.02080	0.99783	-0.06289	0.01967	0.02093	0.01952	-0.99959	
241	2.40000	-2.91324	-2.76317	13.76268	-178.74133	1.38111	-86.39182	0.57647	0.06291	0.99774	0.02344	0.99773	-0.06345	0.02267	0.02410	0.02196	-0.99947	
242	2.41000	-2.86650	-2.81401	13.72362	-178.75783	1.32775	-86.39301	0.49201	0.06290	0.99775	0.02309	0.99775	-0.06340	0.02176	0.02317	0.02167	-0.99950	
243	2.42000	-2.82307	-2.78923	13.60069	-178.85080	1.15957	-86.40031	0.39121	0.06277	0.99780	0.02129	0.99782	-0.06318	0.01893	0.02024	0.02005	-0.99959	
244	2.43000	-2.85221	-2.76755	13.55348	-178.83493	1.20019	-86.39777	0.37766	0.06282	0.99779	0.02161	0.99781	-0.06324	0.01962	0.02095	0.02033	-0.99957	
245	2.44000	-2.92124	-2.75426	13.75333	-178.71985	1.39724	-86.38956	0.54266	0.06295	0.99773	0.02383	0.99772	-0.06350	0.02292	0.02438	0.02233	-0.99945	
246	2.45000	-2.86776	-2.81904	13.75123	-178.80122	1.36698	-86.37212	0.51217	0.06326	0.99775	0.02239	0.99771	-0.06376	0.02248	0.02386	0.02092	-0.99950	
247	2.46000	-2.82463	-2.80822	13.66324	-178.83139	1.21302	-86.39251	0.45621	0.06291	0.99778	0.02169	0.99779	-0.06334	0.01984	0.02117	0.02039	-0.99957	
248	2.47000	-2.85186	-2.78143	13.57113	-178.89940	1.18344	-86.44116	0.35830	0.06206	0.99786	0.02045	0.99786	-0.06246	0.01942	0.02065	0.01920	-0.99960	
249	2.48000	-2.91158	-2.75490	13.72440	-178.77109	1.36340	-86.38412	0.54256	0.06305	0.99775	0.02290	0.99773	-0.06356	0.02239	0.02379	0.02144	-0.99949	
250	2.49000	-2.87807	-2.80505	13.73052	-178.78879	1.34657	-86.37585	0.51183	0.06319	0.99775	0.02258	0.99772	-0.06369	0.02211	0.02350	0.02113	-0.99950	
251	2.50000	-2.83782	-2.80387	13.64264	-178.79027	1.21243	-86.39272	0.46971	0.06290	0.99777	0.02240	0.99780	-0.06335	0.01978	0.02116	0.02111	-0.99955	
252	2.51000	-2.83460	-2.76928	13.55533	-178.87881	1.18615	-86.42979	0.37648	0.06226	0.99784	0.02082	0.99785	-0.06266	0.01944	0.02070	0.01956	-0.99959	
253	2.52000	-2.89768	-2.78128	13.71123	-178.79544	1.31984	-86.38076	0.52230	0.06311	0.99775	0.02243	0.99774	-0.06359	0.02166	0.02303	0.02102	-0.99951	
254	2.53000	-2.87780	-2.81964	13.76979	-178.78450	1.40169	-86.36033	0.49708	0.06346	0.99773	0.02272	0.99768	-0.06399	0.02306	0.02446	0.02121	-0.99948	
255	2.54000	-2.79728	-2.92305	13.83204	-178.69275	1.44983	-86.32448	0.54557	0.06409	0.99765	0.02439	0.99762	-0.06467	0.02378	0.02530	0.02281	-0.99942	
256	2.55000	-2.83344	-2.76934	13.57671	-178.87944	1.15126	-86.42794	0.38422	0.06229	0.99784	0.02077	0.99786	-0.06268	0.01883	0.02009	0.01955	-0.99961	
257	2.56000	-2.90533	-2.75798	13.67523	-178.82443	1.28786	-86.39107	0.50229	0.06293	0.99778	0.02189	0.99776	-0.06339	0.02113	0.02248	0.02051	-0.99954	
258	2.57000	-2.87462	-2.81193	13.74124	-178.82158	1.35388	-86.36719	0.49087	0.06334	0.99775	0.02202	0.99771	-0.06383	0.02227	0.02363	0.02056	-0.99951	
259	2.58000	-2.81213	-2.92252	13.80631	-178.77080	1.50469	-86.30750	0.56682	0.06438	0.99766	0.02310	0.99758	-0.06495	0.02482	0.02626	0.02144	-0.99943	
260	2.59000	-2.82503	-2.78361	13.58997	-178.83229	1.19996	-86.41972	0.39059	0.06243	0.99781	0.02165	0.99783	-0.06286	0.01962	0.02094	0.02037	-0.99957	
261	2.60000	-2.88654	-2.76860	13.65386	-178.82452	1.30243	-86.39137	0.49564	0.06292	0.99778	0.02190	0.99776	-0.06339	0.02139	0.02273	0.02051	-0.99953	
